
#**** Object: Hojas A2 **** 
AttributeBegin 
	 NamedMaterial "Leave A_b" 

Shape "trianglemesh" "integer indices"
[
	0 1 2
	3 4 5
]
"point P" 
[ 
	13.6846 -9.47817 13.0009
	13.6399 -9.57882 12.9532
	13.7233 -9.61123 12.9434
	13.6846 -9.47817 13.0009
	13.7233 -9.61123 12.9434
	13.768 -9.51058 12.9911
]
	 "texture alpha" "Leave A_b_Alpha"
"float uv"  
[
	1.0 0.0
	1.0 1.0
	0.0 1.0
	1.0 0.0
	0.0 1.0
	0.0 0.0
]
"normal N" 
[
	-0.0515709 -0.408448 0.911323
	-0.0515709 -0.408448 0.911323
	-0.0515709 -0.408448 0.911323
	-0.0515709 -0.408448 0.911323
	-0.0515709 -0.408448 0.911323
	-0.0515709 -0.408448 0.911323
]

AttributeEnd 

#**** End Object: Hojas A2 **** 

# Main Instance Object:Hoja_B01  

ObjectBegin "Hoja_B01" 
	 AttributeBegin 

	 Transform 
	 [
		 1.0 0.0 0.0 0 
		 0.0 1.0 0.0 0 
		 0.0 0.0 1.0 0 
		 0.0 0.0 0.0 1 
	 ]
	 NamedMaterial "Leave A_b" 
	 Shape "trianglemesh" 
	 "integer indices" 
	 [
	0 1 2
	3 4 5
	]
	"point P"
	[
		-0.05 0.06 0.0
		-0.05 -0.06 0.0
		0.05 0.06 0.0
		0.05 -0.06 0.0
		0.05 0.06 0.0
		-0.05 -0.06 0.0
	]
	 "texture alpha" "Leave A_b_Alpha"
	"float uv"
	[
		0.0 1.0
		0.0 0.0
		1.0 1.0
		1.0 0.0
		1.0 1.0
		0.0 0.0
	]
	"normal N"
	[
		0.0826897 -0.474255 0.876496
		0.0826897 -0.474255 0.876496
		0.0826897 -0.474255 0.876496
		0.0826897 -0.474255 0.876496
		0.0826897 -0.474255 0.876496
		0.0826897 -0.474255 0.876496
	]
	 AttributeEnd
ObjectEnd 

# Instanced Object:Hoja_B01 
AttributeBegin

	 Transform 
	 [
		 0.985138 0.171766 0.0 0 
		 -0.150552 0.863469 0.48141 0 
		 0.0826897 -0.474255 0.876496 0 
		 13.704 -9.54468 12.9722 1 
	 ]
	 ObjectInstance "Hoja_B01" 
AttributeEnd 

# Instanced Object:Hoja_B02 
AttributeBegin

	 Transform 
	 [
		 0.825055 -0.564443 -0.0262411 0 
		 -0.492035 -0.69483 -0.524513 0 
		 -0.277824 -0.445663 0.850998 0 
		 13.7039 -9.54471 12.9722 1 
	 ]
	 ObjectInstance "Hoja_B01" 
AttributeEnd 

# Instanced Object:Hoja_B03 
AttributeBegin

	 Transform 
	 [
		 -0.693123 0.719793 0.0384603 0 
		 0.518954 0.535333 -0.666412 0 
		 0.500268 0.441946 0.744591 0 
		 11.6564 -5.73782 9.03289 1 
	 ]
	 ObjectInstance "Hoja_B01" 
AttributeEnd 

# Instanced Object:Hoja_B04 
AttributeBegin

	 Transform 
	 [
		 0.999463 -0.0327652 0.0 0 
		 -0.0311832 -0.951207 -0.306974 0 
		 -0.010058 -0.306809 0.951718 0 
		 11.6426 -5.67968 9.11493 1 
	 ]
	 ObjectInstance "Hoja_B01" 
AttributeEnd 

# Instanced Object:Hoja_B05 
AttributeBegin

	 Transform 
	 [
		 -0.445182 0.894978 0.0287652 0 
		 0.662865 0.350981 -0.661379 0 
		 0.602016 0.275366 0.7495 0 
		 11.7962 -5.70403 9.09684 1 
	 ]
	 ObjectInstance "Hoja_B01" 
AttributeEnd 

# Instanced Object:Hoja_B06 
AttributeBegin

	 Transform 
	 [
		 0.85569 -0.517441 0.00701024 0 
		 -0.413096 -0.691168 -0.592992 0 
		 -0.311683 -0.504521 0.805179 0 
		 11.3721 -5.65731 9.20407 1 
	 ]
	 ObjectInstance "Hoja_B01" 
AttributeEnd 

# Instanced Object:Hoja_B07 
AttributeBegin

	 Transform 
	 [
		 -0.874897 -0.482514 -0.0416578 0 
		 -0.438936 0.826343 -0.352836 0 
		 -0.204672 0.29041 0.934757 0 
		 11.3737 -5.48291 9.15527 1 
	 ]
	 ObjectInstance "Hoja_B01" 
AttributeEnd 

# Instanced Object:Hoja_B08 
AttributeBegin

	 Transform 
	 [
		 -0.432006 -0.901594 0.0223239 0 
		 -0.878428 0.415041 -0.236864 0 
		 -0.20429 0.121937 0.971286 0 
		 11.3925 -5.43717 9.20678 1 
	 ]
	 ObjectInstance "Hoja_B01" 
AttributeEnd 

# Instanced Object:Hoja_B09 
AttributeBegin

	 Transform 
	 [
		 -0.929199 -0.369564 0.0033143 0 
		 -0.36189 0.908013 -0.211063 0 
		 -0.0749917 0.197319 0.977467 0 
		 11.3477 -5.43132 9.26384 1 
	 ]
	 ObjectInstance "Hoja_B01" 
AttributeEnd 

# Instanced Object:Hoja_B10 
AttributeBegin

	 Transform 
	 [
		 0.29229 0.956093 -0.021314 0 
		 0.903382 -0.283352 -0.321887 0 
		 0.313793 -0.0748298 0.946538 0 
		 11.498 -5.45813 9.29578 1 
	 ]
	 ObjectInstance "Hoja_B01" 
AttributeEnd 

# Instanced Object:Hoja_B11 
AttributeBegin

	 Transform 
	 [
		 -0.997596 0.0415966 0.0554348 0 
		 0.00329377 0.827409 -0.561589 0 
		 0.0692275 0.560056 0.825557 0 
		 11.3897 -5.35837 9.21684 1 
	 ]
	 ObjectInstance "Hoja_B01" 
AttributeEnd 

# Instanced Object:Hoja_B12 
AttributeBegin

	 Transform 
	 [
		 0.173589 -0.984793 0.00702317 0 
		 -0.882695 -0.158747 -0.442323 0 
		 -0.436712 -0.0705832 0.896828 0 
		 11.469 -5.75695 9.35945 1 
	 ]
	 ObjectInstance "Hoja_B01" 
AttributeEnd 

# Instanced Object:Hoja_B13 
AttributeBegin

	 Transform 
	 [
		 -0.110828 -0.993823 0.00567856 0 
		 -0.925955 0.101181 -0.363826 0 
		 -0.361004 0.0455803 0.93145 0 
		 11.4718 -5.70848 9.45039 1 
	 ]
	 ObjectInstance "Hoja_B01" 
AttributeEnd 

# Instanced Object:Hoja_B14 
AttributeBegin

	 Transform 
	 [
		 0.329096 0.943917 0.0267658 0 
		 0.884684 -0.298285 -0.358274 0 
		 0.330197 -0.141586 0.933233 0 
		 11.6193 -5.82235 9.4594 1 
	 ]
	 ObjectInstance "Hoja_B01" 
AttributeEnd 

# Instanced Object:Hoja_B15 
AttributeBegin

	 Transform 
	 [
		 -0.979743 0.200174 0.00582656 0 
		 0.196199 0.965304 -0.172322 0 
		 0.0401188 0.167688 0.985024 0 
		 11.762 -5.41196 9.50052 1 
	 ]
	 ObjectInstance "Hoja_B01" 
AttributeEnd 

# Instanced Object:Hoja_B16 
AttributeBegin

	 Transform 
	 [
		 0.971487 -0.237092 0.0 0 
		 -0.234374 -0.960352 -0.150969 0 
		 -0.0357936 -0.146665 0.988538 0 
		 11.6979 -5.36384 9.64734 1 
	 ]
	 ObjectInstance "Hoja_B01" 
AttributeEnd 

# Instanced Object:Hoja_B17 
AttributeBegin

	 Transform 
	 [
		 0.997486 0.0708683 0.0 0 
		 0.070621 -0.994006 -0.0834596 0 
		 0.00591464 -0.0832498 0.996511 0 
		 11.746 -5.3045 9.64132 1 
	 ]
	 ObjectInstance "Hoja_B01" 
AttributeEnd 

# Instanced Object:Hoja_B18 
AttributeBegin

	 Transform 
	 [
		 -0.468422 0.883368 -0.0156039 0 
		 0.881603 0.466182 -0.0738263 0 
		 0.0579415 0.0483382 0.997149 0 
		 11.5851 -5.48778 9.71473 1 
	 ]
	 ObjectInstance "Hoja_B01" 
AttributeEnd 

# Instanced Object:Hoja_B19 
AttributeBegin

	 Transform 
	 [
		 0.975 0.222206 0.0 0 
		 0.221452 -0.971689 -0.0823391 0 
		 0.0182963 -0.0802806 0.996604 0 
		 11.4617 -5.49189 9.71697 1 
	 ]
	 ObjectInstance "Hoja_B01" 
AttributeEnd 

# Instanced Object:Hoja_B20 
AttributeBegin

	 Transform 
	 [
		 0.999077 -0.0429528 0.0 0 
		 -0.0370546 -0.861885 -0.505748 0 
		 -0.0217233 -0.505281 0.862682 0 
		 11.5218 -5.54876 9.77965 1 
	 ]
	 ObjectInstance "Hoja_B01" 
AttributeEnd 

# Instanced Object:Hoja_B21 
AttributeBegin

	 Transform 
	 [
		 0.922229 -0.386454 -0.0121266 0 
		 -0.275704 -0.6353 -0.721375 0 
		 -0.271074 -0.668616 0.692438 0 
		 11.4258 -5.641 9.7696 1 
	 ]
	 ObjectInstance "Hoja_B01" 
AttributeEnd 

# Instanced Object:Hoja_B22 
AttributeBegin

	 Transform 
	 [
		 -0.367481 -0.929998 -0.00778 0 
		 -0.919503 0.364563 -0.146998 0 
		 -0.139545 0.0468654 0.989106 0 
		 11.4097 -5.51776 9.82647 1 
	 ]
	 ObjectInstance "Hoja_B01" 
AttributeEnd 

# Instanced Object:Hoja_B23 
AttributeBegin

	 Transform 
	 [
		 0.849847 -0.525814 0.0357617 0 
		 -0.337358 -0.594876 -0.729597 0 
		 -0.404906 -0.607982 0.682942 0 
		 11.3605 -5.61926 9.89397 1 
	 ]
	 ObjectInstance "Hoja_B01" 
AttributeEnd 

# Instanced Object:Hoja_B24 
AttributeBegin

	 Transform 
	 [
		 -0.33595 -0.939898 0.0610601 0 
		 -0.804545 0.252654 -0.53747 0 
		 -0.48974 0.229689 0.841069 0 
		 11.3412 -5.50191 9.89586 1 
	 ]
	 ObjectInstance "Hoja_B01" 
AttributeEnd 

# Instanced Object:Hoja_B25 
AttributeBegin

	 Transform 
	 [
		 -0.327059 -0.944992 -0.00475643 0 
		 -0.920456 0.319699 -0.224842 0 
		 -0.213995 0.0691586 0.974384 0 
		 11.596 -5.50816 9.80023 1 
	 ]
	 ObjectInstance "Hoja_B01" 
AttributeEnd 

# Instanced Object:Hoja_B26 
AttributeBegin

	 Transform 
	 [
		 0.981253 0.192724 0.0 0 
		 0.186975 -0.951982 -0.242429 0 
		 0.0467218 -0.237884 0.970169 0 
		 11.822 -5.53843 9.87148 1 
	 ]
	 ObjectInstance "Hoja_B01" 
AttributeEnd 

# Instanced Object:Hoja_B27 
AttributeBegin

	 Transform 
	 [
		 -0.98378 -0.179334 0.00401097 0 
		 -0.176191 0.961858 -0.20925 0 
		 -0.0336677 0.206562 0.977854 0 
		 11.7428 -5.41557 9.90031 1 
	 ]
	 ObjectInstance "Hoja_B01" 
AttributeEnd 

# Instanced Object:Hoja_B28 
AttributeBegin

	 Transform 
	 [
		 0.929644 -0.367209 -0.0303298 0 
		 -0.343989 -0.835462 -0.428572 0 
		 -0.132036 -0.408853 0.902998 0 
		 11.7994 -5.63569 10.0034 1 
	 ]
	 ObjectInstance "Hoja_B01" 
AttributeEnd 

# Instanced Object:Hoja_B29 
AttributeBegin

	 Transform 
	 [
		 0.878467 0.476689 -0.0326042 0 
		 0.371703 -0.724681 -0.580236 0 
		 0.30022 -0.4976 0.813795 0 
		 11.8747 -5.5849 10.0096 1 
	 ]
	 ObjectInstance "Hoja_B01" 
AttributeEnd 

# Instanced Object:Hoja_B30 
AttributeBegin

	 Transform 
	 [
		 -0.480915 -0.876151 -0.032872 0 
		 -0.695168 0.403885 -0.594659 0 
		 -0.534287 0.263129 0.803306 0 
		 11.5145 -5.20181 9.91572 1 
	 ]
	 ObjectInstance "Hoja_B01" 
AttributeEnd 

# Instanced Object:Hoja_B31 
AttributeBegin

	 Transform 
	 [
		 0.98122 0.192891 0.0 0 
		 0.182415 -0.92793 -0.325072 0 
		 0.0627033 -0.318967 0.945689 0 
		 11.5698 -5.13841 9.98895 1 
	 ]
	 ObjectInstance "Hoja_B01" 
AttributeEnd 

# Instanced Object:Hoja_B32 
AttributeBegin

	 Transform 
	 [
		 -0.128934 0.989453 -0.0660163 0 
		 0.919567 0.0943786 -0.381429 0 
		 0.371176 0.109886 0.922038 0 
		 11.664 -5.16334 9.97565 1 
	 ]
	 ObjectInstance "Hoja_B01" 
AttributeEnd 

# Instanced Object:Hoja_B33 
AttributeBegin

	 Transform 
	 [
		 0.989876 -0.141933 0.0 0 
		 -0.124945 -0.871398 -0.474399 0 
		 -0.0673329 -0.469596 0.88031 0 
		 11.4547 -5.12321 10.0966 1 
	 ]
	 ObjectInstance "Hoja_B01" 
AttributeEnd 

# Instanced Object:Hoja_B34 
AttributeBegin

	 Transform 
	 [
		 0.993208 -0.116352 0.0 0 
		 -0.104182 -0.889325 -0.44525 0 
		 -0.0518057 -0.442226 0.895406 0 
		 11.5645 -5.21737 10.111 1 
	 ]
	 ObjectInstance "Hoja_B01" 
AttributeEnd 

# Instanced Object:Hoja_B35 
AttributeBegin

	 Transform 
	 [
		 0.85902 0.510883 -0.0329111 0 
		 0.41855 -0.737877 -0.529485 0 
		 0.294789 -0.441063 0.847681 0 
		 11.6125 -5.48241 10.1106 1 
	 ]
	 ObjectInstance "Hoja_B01" 
AttributeEnd 

# Instanced Object:Hoja_B36 
AttributeBegin

	 Transform 
	 [
		 0.990729 -0.135856 0.0 0 
		 -0.115247 -0.840438 -0.529512 0 
		 -0.0719374 -0.524602 0.848303 0 
		 11.5642 -5.47525 10.2723 1 
	 ]
	 ObjectInstance "Hoja_B01" 
AttributeEnd 

# Instanced Object:Hoja_B37 
AttributeBegin

	 Transform 
	 [
		 0.949092 -0.315 0.0 0 
		 -0.302453 -0.911288 -0.279421 0 
		 -0.0880174 -0.265196 0.960169 0 
		 11.5098 -5.35391 10.2648 1 
	 ]
	 ObjectInstance "Hoja_B01" 
AttributeEnd 

# Instanced Object:Hoja_B38 
AttributeBegin

	 Transform 
	 [
		 0.962156 -0.272498 0.0 0 
		 -0.264898 -0.935322 -0.234523 0 
		 -0.0639072 -0.225648 0.97211 0 
		 11.6589 -5.31044 10.0076 1 
	 ]
	 ObjectInstance "Hoja_B01" 
AttributeEnd 

# Instanced Object:Hoja_B39 
AttributeBegin

	 Transform 
	 [
		 0.344047 0.935901 0.0756339 0 
		 0.647306 -0.178062 -0.74114 0 
		 0.680166 -0.303946 0.667076 0 
		 11.7312 -5.41063 9.99822 1 
	 ]
	 ObjectInstance "Hoja_B01" 
AttributeEnd 

# Instanced Object:Hoja_B40 
AttributeBegin

	 Transform 
	 [
		 -0.9978 -0.0471876 0.0465724 0 
		 -0.0658987 0.628721 -0.774834 0 
		 -0.00728148 0.776198 0.630447 0 
		 11.6374 -5.26238 9.98833 1 
	 ]
	 ObjectInstance "Hoja_B01" 
AttributeEnd 

# Instanced Object:Hoja_B41 
AttributeBegin

	 Transform 
	 [
		 -0.961884 0.267535 0.0566069 0 
		 0.175631 0.763065 -0.622002 0 
		 0.209602 0.588352 0.780967 0 
		 11.6994 -5.23256 10.063 1 
	 ]
	 ObjectInstance "Hoja_B01" 
AttributeEnd 

# Instanced Object:Hoja_B42 
AttributeBegin

	 Transform 
	 [
		 0.0136475 -0.999294 0.0349887 0 
		 -0.969343 -0.0218078 -0.244743 0 
		 -0.245334 0.0305759 0.968956 0 
		 11.5554 -5.27462 10.1284 1 
	 ]
	 ObjectInstance "Hoja_B01" 
AttributeEnd 

# Instanced Object:Hoja_B43 
AttributeBegin

	 Transform 
	 [
		 -0.748507 0.659614 0.0681612 0 
		 0.388889 0.519892 -0.760577 0 
		 0.537124 0.54279 0.64566 0 
		 11.709 -5.47207 8.58038 1 
	 ]
	 ObjectInstance "Hoja_B01" 
AttributeEnd 

# Instanced Object:Hoja_B44 
AttributeBegin

	 Transform 
	 [
		 -0.998953 -0.0422836 -0.0174542 0 
		 -0.0229926 0.793978 -0.607512 0 
		 -0.039546 0.606475 0.794119 0 
		 11.4709 -5.28323 8.65568 1 
	 ]
	 ObjectInstance "Hoja_B01" 
AttributeEnd 

# Instanced Object:Hoja_B45 
AttributeBegin

	 Transform 
	 [
		 -0.991777 -0.125866 -0.0231512 0 
		 -0.079762 0.749394 -0.657303 0 
		 -0.100082 0.650051 0.753271 0 
		 11.4713 -5.24774 8.58832 1 
	 ]
	 ObjectInstance "Hoja_B01" 
AttributeEnd 

# Instanced Object:Hoja_B46 
AttributeBegin

	 Transform 
	 [
		 0.235191 -0.971929 -0.00627709 0 
		 -0.958549 -0.230875 -0.166978 0 
		 -0.160842 -0.0452886 0.985941 0 
		 11.3733 -5.25466 8.62222 1 
	 ]
	 ObjectInstance "Hoja_B01" 
AttributeEnd 

# Instanced Object:Hoja_B47 
AttributeBegin

	 Transform 
	 [
		 -0.950209 -0.308802 0.0417669 0 
		 -0.311418 0.936289 -0.162423 0 
		 -0.0110507 0.167343 0.985837 0 
		 11.4678 -5.11562 8.65364 1 
	 ]
	 ObjectInstance "Hoja_B01" 
AttributeEnd 

# Instanced Object:Hoja_B48 
AttributeBegin

	 Transform 
	 [
		 0.999528 -0.0307103 0.0 0 
		 -0.027507 -0.895269 -0.444677 0 
		 -0.0136562 -0.444467 0.895691 0 
		 11.4594 -5.11142 8.64278 1 
	 ]
	 ObjectInstance "Hoja_B01" 
AttributeEnd 

# Instanced Object:Hoja_B49 
AttributeBegin

	 Transform 
	 [
		 -0.346267 -0.936903 0.048089 0 
		 -0.872935 0.303001 -0.382329 0 
		 -0.343634 0.174367 0.922774 0 
		 11.3465 -5.08401 8.64139 1 
	 ]
	 ObjectInstance "Hoja_B01" 
AttributeEnd 

# Instanced Object:Hoja_B50 
AttributeBegin

	 Transform 
	 [
		 0.996962 0.0778938 0.0 0 
		 0.0610109 -0.780878 -0.621696 0 
		 0.0484263 -0.619807 0.783258 0 
		 11.4671 -5.07872 8.63338 1 
	 ]
	 ObjectInstance "Hoja_B01" 
AttributeEnd 

# Instanced Object:Hoja_B51 
AttributeBegin

	 Transform 
	 [
		 -0.982697 0.179818 -0.0444047 0 
		 0.185219 0.953534 -0.237627 0 
		 0.000388172 0.24174 0.970341 0 
		 11.4112 -5.04462 8.62871 1 
	 ]
	 ObjectInstance "Hoja_B01" 
AttributeEnd 

# Instanced Object:Hoja_B52 
AttributeBegin

	 Transform 
	 [
		 -0.345757 -0.935769 0.0691954 0 
		 -0.683365 0.200589 -0.701981 0 
		 -0.643012 0.290001 0.708826 0 
		 11.6651 -4.95508 8.59876 1 
	 ]
	 ObjectInstance "Hoja_B01" 
AttributeEnd 

# Instanced Object:Hoja_B53 
AttributeBegin

	 Transform 
	 [
		 -0.903578 0.428413 0.00318993 0 
		 0.299758 0.637513 -0.709734 0 
		 0.306093 0.640343 0.704463 0 
		 11.8131 -4.93401 8.55507 1 
	 ]
	 ObjectInstance "Hoja_B01" 
AttributeEnd 

# Instanced Object:Hoja_B54 
AttributeBegin

	 Transform 
	 [
		 -0.735165 0.675184 0.0604967 0 
		 0.450674 0.553467 -0.700405 0 
		 0.506385 0.487649 0.711177 0 
		 11.8219 -4.92281 8.46695 1 
	 ]
	 ObjectInstance "Hoja_B01" 
AttributeEnd 

# Instanced Object:Hoja_B55 
AttributeBegin

	 Transform 
	 [
		 0.431704 -0.900443 0.053232 0 
		 -0.688242 -0.366965 -0.625827 0 
		 -0.583056 -0.233536 0.778143 0 
		 11.659 -4.90451 8.4943 1 
	 ]
	 ObjectInstance "Hoja_B01" 
AttributeEnd 

# Instanced Object:Hoja_B56 
AttributeBegin

	 Transform 
	 [
		 -0.777045 0.62915 0.0192748 0 
		 0.533008 0.673974 -0.511528 0 
		 0.334819 0.387207 0.85905 0 
		 11.8406 -4.85611 8.48271 1 
	 ]
	 ObjectInstance "Hoja_B01" 
AttributeEnd 

# Instanced Object:Hoja_B57 
AttributeBegin

	 Transform 
	 [
		 -0.999137 0.0361646 -0.020443 0 
		 0.0400083 0.705158 -0.707921 0 
		 0.0111861 0.708128 0.705996 0 
		 11.7803 -4.81223 8.42564 1 
	 ]
	 ObjectInstance "Hoja_B01" 
AttributeEnd 

# Instanced Object:Hoja_B58 
AttributeBegin

	 Transform 
	 [
		 -0.924307 0.380689 -0.0270591 0 
		 0.329024 0.758924 -0.561941 0 
		 0.193389 0.52831 0.826735 0 
		 11.8424 -4.79062 8.91373 1 
	 ]
	 ObjectInstance "Hoja_B01" 
AttributeEnd 

# Instanced Object:Hoja_B59 
AttributeBegin

	 Transform 
	 [
		 0.986245 -0.165211 -0.00511692 0 
		 -0.149894 -0.880904 -0.44893 0 
		 -0.0696608 -0.443522 0.893552 0 
		 11.7911 -4.951 8.90913 1 
	 ]
	 ObjectInstance "Hoja_B01" 
AttributeEnd 

# Instanced Object:Hoja_B60 
AttributeBegin

	 Transform 
	 [
		 -0.497556 -0.867401 0.0072691 0 
		 -0.825702 0.471036 -0.310389 0 
		 -0.265808 0.160438 0.950582 0 
		 11.7717 -4.84523 9.05847 1 
	 ]
	 ObjectInstance "Hoja_B01" 
AttributeEnd 

# Instanced Object:Hoja_B61 
AttributeBegin

	 Transform 
	 [
		 0.641794 0.765646 0.0434236 0 
		 0.644803 -0.508115 -0.571007 0 
		 0.415125 -0.394468 0.819796 0 
		 11.8473 -4.9144 9.04932 1 
	 ]
	 ObjectInstance "Hoja_B01" 
AttributeEnd 

# Instanced Object:Hoja_B62 
AttributeBegin

	 Transform 
	 [
		 0.819907 0.571682 -0.0305286 0 
		 0.44365 -0.668178 -0.597254 0 
		 0.361838 -0.476149 0.801471 0 
		 11.978 -4.88987 8.75158 1 
	 ]
	 ObjectInstance "Hoja_B01" 
AttributeEnd 

# Instanced Object:Hoja_B63 
AttributeBegin

	 Transform 
	 [
		 -0.901973 0.43166 0.0106726 0 
		 0.390575 0.826165 -0.406081 0 
		 0.184106 0.362106 0.913774 0 
		 11.999 -4.75827 8.81792 1 
	 ]
	 ObjectInstance "Hoja_B01" 
AttributeEnd 

# Instanced Object:Hoja_B64 
AttributeBegin

	 Transform 
	 [
		 0.999025 0.0441454 0.0 0 
		 0.0392129 -0.887401 -0.459328 0 
		 0.0202772 -0.45888 0.888267 0 
		 11.9238 -4.7713 8.81545 1 
	 ]
	 ObjectInstance "Hoja_B01" 
AttributeEnd 

# Instanced Object:Hoja_B65 
AttributeBegin

	 Transform 
	 [
		 -0.86096 0.507817 -0.0295139 0 
		 0.315264 0.48717 -0.814417 0 
		 0.399196 0.710485 0.579529 0 
		 11.8737 -4.58182 8.71607 1 
	 ]
	 ObjectInstance "Hoja_B01" 
AttributeEnd 

# Instanced Object:Hoja_B66 
AttributeBegin

	 Transform 
	 [
		 -0.189296 -0.98139 -0.0322648 0 
		 -0.737794 0.163839 -0.654842 0 
		 -0.647941 0.100154 0.755077 0 
		 11.8327 -4.72459 8.82586 1 
	 ]
	 ObjectInstance "Hoja_B01" 
AttributeEnd 

# Instanced Object:Hoja_B67 
AttributeBegin

	 Transform 
	 [
		 -0.911806 0.406666 -0.0568593 0 
		 0.349394 0.695628 -0.627715 0 
		 0.215717 0.59222 0.776364 0 
		 11.2491 -5.34073 9.03134 1 
	 ]
	 ObjectInstance "Hoja_B01" 
AttributeEnd 

# Instanced Object:Hoja_B68 
AttributeBegin

	 Transform 
	 [
		 0.867287 -0.489188 0.0922406 0 
		 -0.22529 -0.550939 -0.803562 0 
		 -0.443911 -0.676138 0.588031 0 
		 11.1457 -5.51837 9.021 1 
	 ]
	 ObjectInstance "Hoja_B01" 
AttributeEnd 

# Instanced Object:Hoja_B69 
AttributeBegin

	 Transform 
	 [
		 -0.756488 -0.65387 -0.0134269 0 
		 -0.612442 0.715462 -0.336197 0 
		 -0.229435 0.246106 0.941696 0 
		 11.0979 -5.37284 9.0876 1 
	 ]
	 ObjectInstance "Hoja_B01" 
AttributeEnd 

# Instanced Object:Hoja_B70 
AttributeBegin

	 Transform 
	 [
		 -0.69643 -0.713576 -0.0761258 0 
		 -0.466588 0.53085 -0.707456 0 
		 -0.545235 0.457174 0.702646 0 
		 11.0149 -5.39385 9.13837 1 
	 ]
	 ObjectInstance "Hoja_B01" 
AttributeEnd 

# Instanced Object:Hoja_B71 
AttributeBegin

	 Transform 
	 [
		 0.302994 -0.950284 -0.0717999 0 
		 -0.906907 -0.264376 -0.328062 0 
		 -0.29277 -0.164517 0.941923 0 
		 11.0057 -5.4633 9.15391 1 
	 ]
	 ObjectInstance "Hoja_B01" 
AttributeEnd 

# Instanced Object:Hoja_B72 
AttributeBegin

	 Transform 
	 [
		 -0.743087 -0.668942 -0.0183934 0 
		 -0.552596 0.628884 -0.546938 0 
		 -0.377438 0.396259 0.836971 0 
		 11.3011 -5.16302 9.04147 1 
	 ]
	 ObjectInstance "Hoja_B01" 
AttributeEnd 

# Instanced Object:Hoja_B73 
AttributeBegin

	 Transform 
	 [
		 0.995368 0.096126 0.00129329 0 
		 0.0919889 -0.948449 -0.303287 0 
		 0.0279272 -0.302001 0.952898 0 
		 11.3781 -5.27958 9.10675 1 
	 ]
	 ObjectInstance "Hoja_B01" 
AttributeEnd 

# Instanced Object:Hoja_B74 
AttributeBegin

	 Transform 
	 [
		 -0.408035 0.912936 -0.0074897 0 
		 0.696834 0.306128 -0.64862 0 
		 0.589855 0.269879 0.761076 0 
		 11.4212 -5.17403 9.1201 1 
	 ]
	 ObjectInstance "Hoja_B01" 
AttributeEnd 

# Instanced Object:Hoja_B75 
AttributeBegin

	 Transform 
	 [
		 -0.692265 0.721361 0.0201722 0 
		 0.706024 0.682802 -0.187912 0 
		 0.149326 0.115843 0.981978 0 
		 11.4462 -5.1311 9.08773 1 
	 ]
	 ObjectInstance "Hoja_B01" 
AttributeEnd 

# Instanced Object:Hoja_B76 
AttributeBegin

	 Transform 
	 [
		 -0.114427 -0.992736 0.0371794 0 
		 -0.910845 0.0899006 -0.402839 0 
		 -0.39657 0.0799602 0.914516 0 
		 11.2938 -5.11352 9.14101 1 
	 ]
	 ObjectInstance "Hoja_B01" 
AttributeEnd 

# Instanced Object:Hoja_B77 
AttributeBegin

	 Transform 
	 [
		 -0.63459 -0.767395 0.0916567 0 
		 -0.525054 0.341057 -0.779743 0 
		 -0.56711 0.542942 0.619355 0 
		 11.4007 -4.96238 9.1788 1 
	 ]
	 ObjectInstance "Hoja_B01" 
AttributeEnd 

# Instanced Object:Hoja_B78 
AttributeBegin

	 Transform 
	 [
		 -0.952859 -0.28041 0.115889 0 
		 -0.286346 0.704778 -0.649071 0 
		 -0.10033 0.651658 0.751848 0 
		 11.4495 -4.95297 9.14616 1 
	 ]
	 ObjectInstance "Hoja_B01" 
AttributeEnd 

# Instanced Object:Hoja_B79 
AttributeBegin

	 Transform 
	 [
		 -0.889083 -0.454274 -0.0562771 0 
		 -0.299666 0.670564 -0.678634 0 
		 -0.346023 0.586497 0.732318 0 
		 11.1531 -5.10973 9.15584 1 
	 ]
	 ObjectInstance "Hoja_B01" 
AttributeEnd 

# Instanced Object:Hoja_B80 
AttributeBegin

	 Transform 
	 [
		 0.876455 0.480623 0.028755 0 
		 0.473228 -0.848881 -0.235494 0 
		 0.0887744 -0.220008 0.97145 0 
		 11.1033 -5.20959 9.22921 1 
	 ]
	 ObjectInstance "Hoja_B01" 
AttributeEnd 

# Instanced Object:Hoja_B81 
AttributeBegin

	 Transform 
	 [
		 -0.6029 -0.797391 0.026079 0 
		 -0.75022 0.555508 -0.358581 0 
		 -0.271442 0.235754 0.933134 0 
		 10.9521 -5.06532 9.19856 1 
	 ]
	 ObjectInstance "Hoja_B01" 
AttributeEnd 

# Instanced Object:Hoja_B82 
AttributeBegin

	 Transform 
	 [
		 0.0945544 -0.995519 0.000711067 0 
		 -0.97219 -0.0924922 -0.215156 0 
		 -0.214258 -0.0196526 0.97658 0 
		 11.2105 -5.28668 9.34742 1 
	 ]
	 ObjectInstance "Hoja_B01" 
AttributeEnd 

# Instanced Object:Hoja_B83 
AttributeBegin

	 Transform 
	 [
		 0.966522 -0.256583 0.0 0 
		 -0.230825 -0.869496 -0.436687 0 
		 -0.112047 -0.422068 0.899613 0 
		 11.2473 -5.2426 9.34828 1 
	 ]
	 ObjectInstance "Hoja_B01" 
AttributeEnd 

# Instanced Object:Hoja_B84 
AttributeBegin

	 Transform 
	 [
		 -0.0656738 -0.997052 -0.0396738 0 
		 -0.819615 0.0765788 -0.567775 0 
		 -0.569139 0.00477064 0.822227 0 
		 11.2048 -5.25233 9.39353 1 
	 ]
	 ObjectInstance "Hoja_B01" 
AttributeEnd 

# Instanced Object:Hoja_B85 
AttributeBegin

	 Transform 
	 [
		 0.980423 0.196904 0.0 0 
		 0.187961 -0.935898 -0.297934 0 
		 0.0586643 -0.292102 0.954586 0 
		 11.2227 -4.93108 9.32413 1 
	 ]
	 ObjectInstance "Hoja_B01" 
AttributeEnd 

# Instanced Object:Hoja_B86 
AttributeBegin

	 Transform 
	 [
		 -0.967359 0.252751 -0.0182437 0 
		 0.24165 0.898403 -0.366711 0 
		 0.0762965 0.35915 0.930156 0 
		 11.3736 -4.73969 9.38298 1 
	 ]
	 ObjectInstance "Hoja_B01" 
AttributeEnd 

# Instanced Object:Hoja_B87 
AttributeBegin

	 Transform 
	 [
		 0.76807 0.640345 0.005152 0 
		 0.639219 -0.766188 -0.0659849 0 
		 0.0383057 -0.0539743 0.997807 0 
		 11.4567 -4.79945 9.47849 1 
	 ]
	 ObjectInstance "Hoja_B01" 
AttributeEnd 

# Instanced Object:Hoja_B88 
AttributeBegin

	 Transform 
	 [
		 -0.0781406 0.996931 -0.00464724 0 
		 0.845889 0.0638333 -0.529525 0 
		 0.527604 0.0453084 0.848282 0 
		 11.4689 -4.71288 9.46501 1 
	 ]
	 ObjectInstance "Hoja_B01" 
AttributeEnd 

# Instanced Object:Hoja_B89 
AttributeBegin

	 Transform 
	 [
		 0.999882 -0.00254849 -0.0151595 0 
		 -0.0129877 -0.667608 -0.7444 0 
		 0.00822351 -0.744509 0.667562 0 
		 11.1642 -5.19993 9.41982 1 
	 ]
	 ObjectInstance "Hoja_B01" 
AttributeEnd 

# Instanced Object:Hoja_B90 
AttributeBegin

	 Transform 
	 [
		 0.593682 -0.804649 0.00901032 0 
		 -0.670083 -0.500535 -0.548136 0 
		 -0.445567 -0.319381 0.836341 0 
		 10.9953 -5.0844 9.46014 1 
	 ]
	 ObjectInstance "Hoja_B01" 
AttributeEnd 

# Instanced Object:Hoja_B91 
AttributeBegin

	 Transform 
	 [
		 0.984861 -0.173348 0.0 0 
		 -0.172131 -0.977948 -0.118276 0 
		 -0.0205029 -0.116485 0.992981 0 
		 10.9075 -5.07093 9.56152 1 
	 ]
	 ObjectInstance "Hoja_B01" 
AttributeEnd 

# Instanced Object:Hoja_B92 
AttributeBegin

	 Transform 
	 [
		 -0.228507 -0.973141 -0.0279466 0 
		 -0.93889 0.227873 -0.257992 0 
		 -0.257431 0.0327142 0.965743 0 
		 10.8777 -5.03112 9.53193 1 
	 ]
	 ObjectInstance "Hoja_B01" 
AttributeEnd 

# Instanced Object:Hoja_B93 
AttributeBegin

	 Transform 
	 [
		 0.961186 -0.272962 -0.0401546 0 
		 -0.256431 -0.830145 -0.495079 0 
		 -0.101804 -0.48616 0.867919 0 
		 11.2588 -4.96576 9.619 1 
	 ]
	 ObjectInstance "Hoja_B01" 
AttributeEnd 

# Instanced Object:Hoja_B94 
AttributeBegin

	 Transform 
	 [
		 0.746644 -0.665196 0.00604134 0 
		 -0.427814 -0.487111 -0.761379 0 
		 -0.509409 -0.565894 0.648279 0 
		 11.1781 -4.9111 9.66055 1 
	 ]
	 ObjectInstance "Hoja_B01" 
AttributeEnd 

# Instanced Object:Hoja_B95 
AttributeBegin

	 Transform 
	 [
		 -0.594059 -0.789172 0.155888 0 
		 -0.547463 0.254647 -0.797145 0 
		 -0.589388 0.558894 0.583318 0 
		 10.9645 -4.83346 9.50889 1 
	 ]
	 ObjectInstance "Hoja_B01" 
AttributeEnd 

# Instanced Object:Hoja_B96 
AttributeBegin

	 Transform 
	 [
		 0.999285 0.0378212 0.0 0 
		 0.0348179 -0.919935 -0.390521 0 
		 0.01477 -0.390242 0.920594 0 
		 10.9268 -4.86678 9.59606 1 
	 ]
	 ObjectInstance "Hoja_B01" 
AttributeEnd 

# Instanced Object:Hoja_B97 
AttributeBegin

	 Transform 
	 [
		 -0.89787 -0.439149 -0.0312864 0 
		 -0.401889 0.846557 -0.349037 0 
		 -0.179765 0.300816 0.936586 0 
		 10.9009 -4.82384 9.56625 1 
	 ]
	 ObjectInstance "Hoja_B01" 
AttributeEnd 

# Instanced Object:Hoja_B98 
AttributeBegin

	 Transform 
	 [
		 -0.338351 -0.939582 0.0519958 0 
		 -0.68527 0.20815 -0.697909 0 
		 -0.644921 0.27177 0.714296 0 
		 11.0164 -4.89388 9.74973 1 
	 ]
	 ObjectInstance "Hoja_B01" 
AttributeEnd 

# Instanced Object:Hoja_B99 
AttributeBegin

	 Transform 
	 [
		 0.302136 -0.95285 0.0281312 0 
		 -0.702091 -0.242392 -0.669563 0 
		 -0.644811 -0.182549 0.742223 0 
		 11.0106 -4.97497 9.81574 1 
	 ]
	 ObjectInstance "Hoja_B01" 
AttributeEnd 

# Instanced Object:Hoja_B100 
AttributeBegin

	 Transform 
	 [
		 -0.187504 -0.982254 -0.00443076 0 
		 -0.793057 0.154046 -0.589347 0 
		 -0.579571 0.106991 0.807868 0 
		 11.0483 -4.96918 9.91799 1 
	 ]
	 ObjectInstance "Hoja_B01" 
AttributeEnd 

# Instanced Object:Hoja_B101 
AttributeBegin

	 Transform 
	 [
		 -0.540655 -0.838528 0.0675534 0 
		 -0.789166 0.477731 -0.385993 0 
		 -0.291393 0.262 0.920025 0 
		 11.0768 -4.65985 9.8647 1 
	 ]
	 ObjectInstance "Hoja_B01" 
AttributeEnd 

# Instanced Object:Hoja_B102 
AttributeBegin

	 Transform 
	 [
		 -0.913629 0.406526 0.00428662 0 
		 0.336873 0.76291 -0.551802 0 
		 0.227592 0.502698 0.833965 0 
		 11.1842 -4.66865 9.91364 1 
	 ]
	 ObjectInstance "Hoja_B01" 
AttributeEnd 

# Instanced Object:Hoja_B103 
AttributeBegin

	 Transform 
	 [
		 0.894535 -0.446996 0.000839137 0 
		 -0.440408 -0.88167 -0.169408 0 
		 -0.0764644 -0.151172 0.985546 0 
		 11.1296 -4.78261 9.93571 1 
	 ]
	 ObjectInstance "Hoja_B01" 
AttributeEnd 

# Instanced Object:Hoja_B104 
AttributeBegin

	 Transform 
	 [
		 -0.974141 0.225896 -0.00458954 0 
		 0.203087 0.866517 -0.455964 0 
		 0.0990236 0.445105 0.889986 0 
		 10.7937 -4.72026 10.0854 1 
	 ]
	 ObjectInstance "Hoja_B01" 
AttributeEnd 

# Instanced Object:Hoja_B105 
AttributeBegin

	 Transform 
	 [
		 0.657367 -0.753149 0.0252063 0 
		 -0.529648 -0.485567 -0.695484 0 
		 -0.536042 -0.443838 0.7181 0 
		 10.7319 -4.80836 10.0912 1 
	 ]
	 ObjectInstance "Hoja_B01" 
AttributeEnd 

# Instanced Object:Hoja_B106 
AttributeBegin

	 Transform 
	 [
		 -0.925078 -0.379754 0.00419216 0 
		 -0.370348 0.899611 -0.231393 0 
		 -0.0841011 0.215609 0.972852 0 
		 10.7725 -4.70524 10.0646 1 
	 ]
	 ObjectInstance "Hoja_B01" 
AttributeEnd 

# Instanced Object:Hoja_B107 
AttributeBegin

	 Transform 
	 [
		 -0.464165 -0.884217 -0.0520666 0 
		 -0.814667 0.44925 -0.36673 0 
		 -0.34766 0.127806 0.928869 0 
		 10.7108 -4.75682 10.0631 1 
	 ]
	 ObjectInstance "Hoja_B01" 
AttributeEnd 

# Instanced Object:Hoja_B108 
AttributeBegin

	 Transform 
	 [
		 0.687654 0.726031 -0.00317668 0 
		 0.707941 -0.671478 -0.218945 0 
		 0.161094 -0.14831 0.975732 0 
		 11.0817 -4.8298 9.94739 1 
	 ]
	 ObjectInstance "Hoja_B01" 
AttributeEnd 

# Instanced Object:Hoja_B109 
AttributeBegin

	 Transform 
	 [
		 -0.998018 -0.0606446 0.0167925 0 
		 -0.0604894 0.851025 -0.521629 0 
		 -0.0173432 0.521611 0.853007 0 
		 11.0498 -4.72542 9.95734 1 
	 ]
	 ObjectInstance "Hoja_B01" 
AttributeEnd 

# Instanced Object:Hoja_B110 
AttributeBegin

	 Transform 
	 [
		 -0.96712 -0.254316 -0.00141191 0 
		 -0.2542 0.966819 -0.025372 0 
		 -0.00781759 0.0241789 0.999677 0 
		 10.9552 -4.71771 9.95462 1 
	 ]
	 ObjectInstance "Hoja_B01" 
AttributeEnd 

# Instanced Object:Hoja_B111 
AttributeBegin

	 Transform 
	 [
		 0.994692 0.102549 0.00846595 0 
		 0.0960025 -0.895278 -0.435041 0 
		 0.0370337 -0.433545 0.900371 0 
		 10.9889 -4.86024 10.0172 1 
	 ]
	 ObjectInstance "Hoja_B01" 
AttributeEnd 

# Instanced Object:Hoja_B112 
AttributeBegin

	 Transform 
	 [
		 -0.553262 -0.826611 0.103029 0 
		 -0.586329 0.298579 -0.75304 0 
		 -0.591709 0.477037 0.649859 0 
		 11.6421 -4.949 8.99484 1 
	 ]
	 ObjectInstance "Hoja_B01" 
AttributeEnd 

# Instanced Object:Hoja_B113 
AttributeBegin

	 Transform 
	 [
		 -0.28904 0.951647 0.104037 0 
		 0.782647 0.297486 -0.546777 0 
		 0.551289 0.076616 0.830789 0 
		 11.7984 -5.02514 9.03755 1 
	 ]
	 ObjectInstance "Hoja_B01" 
AttributeEnd 

# Instanced Object:Hoja_B114 
AttributeBegin

	 Transform 
	 [
		 -0.99871 0.0425185 0.0277668 0 
		 0.0234357 0.870975 -0.490768 0 
		 0.0450509 0.489484 0.870848 0 
		 11.7769 -4.90418 9.00202 1 
	 ]
	 ObjectInstance "Hoja_B01" 
AttributeEnd 

# Instanced Object:Hoja_B115 
AttributeBegin

	 Transform 
	 [
		 -0.5839 0.811315 0.0287985 0 
		 0.548104 0.42014 -0.723232 0 
		 0.598868 0.406511 0.690005 0 
		 11.8719 -4.85955 9.01983 1 
	 ]
	 ObjectInstance "Hoja_B01" 
AttributeEnd 

# Instanced Object:Hoja_B116 
AttributeBegin

	 Transform 
	 [
		 0.478183 0.878191 0.0110142 0 
		 0.672948 -0.35831 -0.647113 0 
		 0.564343 -0.31685 0.762314 0 
		 11.9363 -4.95516 9.00487 1 
	 ]
	 ObjectInstance "Hoja_B01" 
AttributeEnd 

# Instanced Object:Hoja_B117 
AttributeBegin

	 Transform 
	 [
		 0.3389 0.939117 -0.0566222 0 
		 0.889611 -0.339458 -0.305551 0 
		 0.306169 -0.0531796 0.950491 0 
		 11.9751 -4.91181 9.08956 1 
	 ]
	 ObjectInstance "Hoja_B01" 
AttributeEnd 

# Instanced Object:Hoja_B118 
AttributeBegin

	 Transform 
	 [
		 -0.960949 0.276581 -0.00895917 0 
		 0.236814 0.805171 -0.543708 0 
		 0.143166 0.524598 0.839226 0 
		 11.5276 -4.80842 9.06271 1 
	 ]
	 ObjectInstance "Hoja_B01" 
AttributeEnd 

# Instanced Object:Hoja_B119 
AttributeBegin

	 Transform 
	 [
		 -0.958033 0.284299 -0.0366992 0 
		 0.284678 0.92856 -0.238189 0 
		 0.0336396 0.23864 0.970525 0 
		 11.4961 -4.74901 9.08332 1 
	 ]
	 ObjectInstance "Hoja_B01" 
AttributeEnd 

# Instanced Object:Hoja_B120 
AttributeBegin

	 Transform 
	 [
		 0.999363 -0.0356791 0.0 0 
		 -0.0339092 -0.94979 -0.311046 0 
		 -0.0110978 -0.310848 0.950395 0 
		 11.5088 -4.70584 9.11265 1 
	 ]
	 ObjectInstance "Hoja_B01" 
AttributeEnd 

# Instanced Object:Hoja_B121 
AttributeBegin

	 Transform 
	 [
		 0.966078 0.258249 0.0 0 
		 0.239033 -0.894194 -0.378524 0 
		 0.0977535 -0.365684 0.925591 0 
		 11.4783 -4.7079 9.10818 1 
	 ]
	 ObjectInstance "Hoja_B01" 
AttributeEnd 

# Instanced Object:Hoja_B122 
AttributeBegin

	 Transform 
	 [
		 -0.920368 0.390779 0.0146575 0 
		 0.307763 0.746954 -0.589357 0 
		 0.241257 0.537914 0.80774 0 
		 11.7976 -4.69296 9.1663 1 
	 ]
	 ObjectInstance "Hoja_B01" 
AttributeEnd 

# Instanced Object:Hoja_B123 
AttributeBegin

	 Transform 
	 [
		 0.999813 0.0193556 0.0 0 
		 0.0177348 -0.916089 -0.400583 0 
		 0.00775353 -0.400508 0.91626 0 
		 11.726 -4.78585 9.19401 1 
	 ]
	 ObjectInstance "Hoja_B01" 
AttributeEnd 

# Instanced Object:Hoja_B124 
AttributeBegin

	 Transform 
	 [
		 -0.969399 -0.245491 0.000246942 0 
		 -0.176945 0.698028 -0.693864 0 
		 -0.170165 0.672675 0.720106 0 
		 11.7243 -4.6258 9.09132 1 
	 ]
	 ObjectInstance "Hoja_B01" 
AttributeEnd 

# Instanced Object:Hoja_B125 
AttributeBegin

	 Transform 
	 [
		 -0.943856 -0.330116 0.0126248 0 
		 -0.277653 0.77199 -0.571786 0 
		 -0.179009 0.543189 0.820305 0 
		 11.7216 -4.52746 9.11369 1 
	 ]
	 ObjectInstance "Hoja_B01" 
AttributeEnd 

# Instanced Object:Hoja_B126 
AttributeBegin

	 Transform 
	 [
		 -0.956282 -0.292333 -0.00807661 0 
		 -0.270797 0.895584 -0.352984 0 
		 -0.110422 0.335365 0.935595 0 
		 11.7342 -4.57303 9.36069 1 
	 ]
	 ObjectInstance "Hoja_B01" 
AttributeEnd 

# Instanced Object:Hoja_B127 
AttributeBegin

	 Transform 
	 [
		 -0.432025 -0.894461 0.115294 0 
		 -0.650333 0.220406 -0.726972 0 
		 -0.624837 0.38905 0.676919 0 
		 11.6293 -4.57273 9.34847 1 
	 ]
	 ObjectInstance "Hoja_B01" 
AttributeEnd 

# Instanced Object:Hoja_B128 
AttributeBegin

	 Transform 
	 [
		 -0.952365 0.27702 0.127514 0 
		 0.0297042 0.500413 -0.865277 0 
		 0.303509 0.820272 0.484805 0 
		 11.7151 -4.47218 9.36427 1 
	 ]
	 ObjectInstance "Hoja_B01" 
AttributeEnd 

# Instanced Object:Hoja_B129 
AttributeBegin

	 Transform 
	 [
		 0.0721317 0.997365 0.00783383 0 
		 0.565495 -0.0344255 -0.824033 0 
		 0.821592 -0.0638689 0.566487 0 
		 11.9647 -4.65151 9.37272 1 
	 ]
	 ObjectInstance "Hoja_B01" 
AttributeEnd 

# Instanced Object:Hoja_B130 
AttributeBegin

	 Transform 
	 [
		 0.873725 -0.48561 -0.0280734 0 
		 -0.463912 -0.814553 -0.348267 0 
		 -0.146254 -0.317313 0.936975 0 
		 11.8698 -4.73619 9.44004 1 
	 ]
	 ObjectInstance "Hoja_B01" 
AttributeEnd 

# Instanced Object:Hoja_B131 
AttributeBegin

	 Transform 
	 [
		 -0.973747 -0.221573 0.0521648 0 
		 -0.215721 0.825087 -0.522203 0 
		 -0.0726657 0.519747 0.851224 0 
		 11.9376 -4.56776 9.44012 1 
	 ]
	 ObjectInstance "Hoja_B01" 
AttributeEnd 

# Instanced Object:Hoja_B132 
AttributeBegin

	 Transform 
	 [
		 0.645235 -0.763948 0.00745652 0 
		 -0.740906 -0.628094 -0.237817 0 
		 -0.186363 -0.147923 0.971281 0 
		 11.8843 -4.7352 9.48966 1 
	 ]
	 ObjectInstance "Hoja_B01" 
AttributeEnd 

# Instanced Object:Hoja_B133 
AttributeBegin

	 Transform 
	 [
		 -0.58792 0.808218 0.0336768 0 
		 0.767311 0.570376 -0.293096 0 
		 0.256094 0.146477 0.95549 0 
		 12.1154 -4.68121 9.56363 1 
	 ]
	 ObjectInstance "Hoja_B01" 
AttributeEnd 

# Instanced Object:Hoja_B134 
AttributeBegin

	 Transform 
	 [
		 0.802926 -0.595918 0.0137778 0 
		 -0.478963 -0.658758 -0.5802 0 
		 -0.354828 -0.459259 0.814358 0 
		 12.0132 -4.75482 9.57289 1 
	 ]
	 ObjectInstance "Hoja_B01" 
AttributeEnd 

# Instanced Object:Hoja_B135 
AttributeBegin

	 Transform 
	 [
		 -0.994861 0.0968998 0.0293595 0 
		 0.0897291 0.978117 -0.187715 0 
		 0.0469066 0.184116 0.981785 0 
		 12.094 -4.62314 9.54809 1 
	 ]
	 ObjectInstance "Hoja_B01" 
AttributeEnd 

# Instanced Object:Hoja_B136 
AttributeBegin

	 Transform 
	 [
		 0.968681 0.245711 -0.0358376 0 
		 0.221761 -0.920982 -0.320333 0 
		 0.111715 -0.302353 0.946627 0 
		 12.1108 -4.74101 9.5549 1 
	 ]
	 ObjectInstance "Hoja_B01" 
AttributeEnd 

# Instanced Object:Hoja_B137 
AttributeBegin

	 Transform 
	 [
		 -0.963187 -0.261672 -0.0616407 0 
		 -0.221455 0.90229 -0.369905 0 
		 -0.152412 0.342637 0.927022 0 
		 11.8161 -4.42197 9.40988 1 
	 ]
	 ObjectInstance "Hoja_B01" 
AttributeEnd 

# Instanced Object:Hoja_B138 
AttributeBegin

	 Transform 
	 [
		 -0.953351 0.290415 0.082348 0 
		 0.182669 0.772206 -0.608547 0 
		 0.240321 0.565117 0.789233 0 
		 11.9366 -4.41483 9.43806 1 
	 ]
	 ObjectInstance "Hoja_B01" 
AttributeEnd 

# Instanced Object:Hoja_B139 
AttributeBegin

	 Transform 
	 [
		 -0.997692 -0.0666774 0.0128703 0 
		 -0.0679048 0.981441 -0.179338 0 
		 0.000673628 0.179798 0.983703 0 
		 11.8814 -4.36507 9.39508 1 
	 ]
	 ObjectInstance "Hoja_B01" 
AttributeEnd 

# Instanced Object:Hoja_B140 
AttributeBegin

	 Transform 
	 [
		 0.989793 -0.14251 0.0 0 
		 -0.140224 -0.973913 -0.178411 0 
		 -0.0254253 -0.17659 0.983956 0 
		 11.8445 -4.39984 9.45826 1 
	 ]
	 ObjectInstance "Hoja_B01" 
AttributeEnd 

# Instanced Object:Hoja_B141 
AttributeBegin

	 Transform 
	 [
		 -0.568678 -0.822557 0.00254789 0 
		 -0.623717 0.429185 -0.653282 0 
		 -0.536268 0.373096 0.757111 0 
		 11.8142 -4.24587 9.46917 1 
	 ]
	 ObjectInstance "Hoja_B01" 
AttributeEnd 

# Instanced Object:Hoja_B142 
AttributeBegin

	 Transform 
	 [
		 -0.712638 -0.699995 0.0464015 0 
		 -0.617079 0.594012 -0.516104 0 
		 -0.333707 0.396429 0.855268 0 
		 11.8361 -4.22633 9.4387 1 
	 ]
	 ObjectInstance "Hoja_B01" 
AttributeEnd 

# Instanced Object:Hoja_B143 
AttributeBegin

	 Transform 
	 [
		 -0.474148 -0.880202 0.0206985 0 
		 -0.669152 0.344981 -0.658197 0 
		 -0.572206 0.325933 0.752561 0 
		 11.9219 -4.44556 9.69984 1 
	 ]
	 ObjectInstance "Hoja_B01" 
AttributeEnd 

# Instanced Object:Hoja_B144 
AttributeBegin

	 Transform 
	 [
		 0.657681 0.753148 0.0150181 0 
		 0.683955 -0.588667 -0.430903 0 
		 0.315693 -0.293668 0.902273 0 
		 12.0114 -4.53605 9.70869 1 
	 ]
	 ObjectInstance "Hoja_B01" 
AttributeEnd 

# Instanced Object:Hoja_B145 
AttributeBegin

	 Transform 
	 [
		 -0.332595 0.94307 0.0 0 
		 0.771764 0.27218 -0.574717 0 
		 0.541998 0.191148 0.818353 0 
		 11.9883 -4.48318 9.74975 1 
	 ]
	 ObjectInstance "Hoja_B01" 
AttributeEnd 

# Instanced Object:Hoja_B146 
AttributeBegin

	 Transform 
	 [
		 -0.914836 -0.403508 0.0160069 0 
		 -0.376256 0.837316 -0.396652 0 
		 -0.14665 0.368895 0.917829 0 
		 11.9577 -4.43244 9.78721 1 
	 ]
	 ObjectInstance "Hoja_B01" 
AttributeEnd 

# Instanced Object:Hoja_B147 
AttributeBegin

	 Transform 
	 [
		 -0.306635 0.946326 0.102186 0 
		 0.829917 0.318384 -0.458114 0 
		 0.46606 0.0556679 0.883 0 
		 12.3935 -4.27593 9.67542 1 
	 ]
	 ObjectInstance "Hoja_B01" 
AttributeEnd 

# Instanced Object:Hoja_B148 
AttributeBegin

	 Transform 
	 [
		 -0.462442 0.886492 -0.0166814 0 
		 0.566688 0.281041 -0.77452 0 
		 0.681918 0.367624 0.632329 0 
		 12.3638 -4.22066 9.68868 1 
	 ]
	 ObjectInstance "Hoja_B01" 
AttributeEnd 

# Instanced Object:Hoja_B149 
AttributeBegin

	 Transform 
	 [
		 -0.935624 0.352045 0.0259021 0 
		 0.29565 0.821603 -0.487401 0 
		 0.192869 0.448366 0.872794 0 
		 12.0549 -4.32524 9.74811 1 
	 ]
	 ObjectInstance "Hoja_B01" 
AttributeEnd 

# Instanced Object:Hoja_B150 
AttributeBegin

	 Transform 
	 [
		 0.980612 -0.195961 0.0 0 
		 -0.190389 -0.95273 -0.236763 0 
